date cpi
192606 17.70
192607 17.50
192608 17.40
192609 17.50
192610 17.60
192611 17.70
192612 17.70
192701 17.50
192702 17.40
192703 17.30
192704 17.30
192705 17.40
192706 17.60
192707 17.30
192708 17.20
192709 17.30
192710 17.40
192711 17.30
192712 17.30
192801 17.30
192802 17.10
192803 17.10
192804 17.10
192805 17.20
192806 17.10
192807 17.10
192808 17.10
192809 17.30
192810 17.20
192811 17.20
192812 17.10
192901 17.10
192902 17.10
192903 17.00
192904 16.90
192905 17.00
192906 17.10
192907 17.30
192908 17.30
192909 17.30
192910 17.30
192911 17.30
192912 17.20
193001 17.10
193002 17.00
193003 16.90
193004 17.00
193005 16.90
193006 16.80
193007 16.60
193008 16.50
193009 16.60
193010 16.50
193011 16.40
193012 16.10
193101 15.90
193102 15.70
193103 15.60
193104 15.50
193105 15.30
193106 15.10
193107 15.10
193108 15.10
193109 15.00
193110 14.90
193111 14.70
193112 14.60
193201 14.30
193202 14.10
193203 14.00
193204 13.90
193205 13.70
193206 13.60
193207 13.60
193208 13.50
193209 13.40
193210 13.30
193211 13.20
193212 13.10
193301 12.90
193302 12.70
193303 12.60
193304 12.60
193305 12.60
193306 12.70
193307 13.10
193308 13.20
193309 13.20
193310 13.20
193311 13.20
193312 13.20
193401 13.20
193402 13.30
193403 13.30
193404 13.30
193405 13.30
193406 13.40
193407 13.40
193408 13.40
193409 13.60
193410 13.50
193411 13.50
193412 13.40
193501 13.60
193502 13.70
193503 13.70
193504 13.80
193505 13.80
193506 13.70
193507 13.70
193508 13.70
193509 13.70
193510 13.70
193511 13.80
193512 13.80
193601 13.80
193602 13.80
193603 13.70
193604 13.70
193605 13.70
193606 13.80
193607 13.90
193608 14.00
193609 14.00
193610 14.00
193611 14.00
193612 14.00
193701 14.10
193702 14.10
193703 14.20
193704 14.30
193705 14.40
193706 14.40
193707 14.50
193708 14.50
193709 14.60
193710 14.60
193711 14.50
193712 14.40
193801 14.20
193802 14.10
193803 14.10
193804 14.20
193805 14.10
193806 14.10
193807 14.10
193808 14.10
193809 14.10
193810 14.00
193811 14.00
193812 14.00
193901 14.00
193902 13.90
193903 13.90
193904 13.80
193905 13.80
193906 13.80
193907 13.80
193908 13.80
193909 14.10
193910 14.00
193911 14.00
193912 14.00
194001 13.90
194002 14.00
194003 14.00
194004 14.00
194005 14.00
194006 14.10
194007 14.00
194008 14.00
194009 14.00
194010 14.00
194011 14.00
194012 14.10
194101 14.10
194102 14.10
194103 14.20
194104 14.30
194105 14.40
194106 14.70
194107 14.70
194108 14.90
194109 15.10
194110 15.30
194111 15.40
194112 15.50
194201 15.70
194202 15.80
194203 16.00
194204 16.10
194205 16.30
194206 16.30
194207 16.40
194208 16.50
194209 16.50
194210 16.70
194211 16.80
194212 16.90
194301 16.90
194302 16.90
194303 17.20
194304 17.40
194305 17.50
194306 17.50
194307 17.40
194308 17.30
194309 17.40
194310 17.40
194311 17.40
194312 17.40
194401 17.40
194402 17.40
194403 17.40
194404 17.50
194405 17.50
194406 17.60
194407 17.70
194408 17.70
194409 17.70
194410 17.70
194411 17.70
194412 17.80
194501 17.80
194502 17.80
194503 17.80
194504 17.80
194505 17.90
194506 18.10
194507 18.10
194508 18.10
194509 18.10
194510 18.10
194511 18.10
194512 18.20
194601 18.20
194602 18.10
194603 18.30
194604 18.40
194605 18.50
194606 18.70
194607 19.80
194608 20.20
194609 20.40
194610 20.80
194611 21.30
194612 21.50
194701 21.50
194702 21.50
194703 21.90
194704 21.90
194705 21.90
194706 22.00
194707 22.20
194708 22.50
194709 23.00
194710 23.00
194711 23.10
194712 23.40
194801 23.70
194802 23.50
194803 23.40
194804 23.80
194805 23.90
194806 24.10
194807 24.40
194808 24.50
194809 24.50
194810 24.40
194811 24.20
194812 24.10
194901 24.00
194902 23.80
194903 23.80
194904 23.90
194905 23.80
194906 23.90
194907 23.70
194908 23.80
194909 23.90
194910 23.70
194911 23.80
194912 23.60
195001 23.50
195002 23.50
195003 23.60
195004 23.60
195005 23.70
195006 23.80
195007 24.10
195008 24.30
195009 24.40
195010 24.60
195011 24.70
195012 25.00
195101 25.40
195102 25.70
195103 25.80
195104 25.80
195105 25.90
195106 25.90
195107 25.90
195108 25.90
195109 26.10
195110 26.20
195111 26.40
195112 26.50
195201 26.50
195202 26.30
195203 26.30
195204 26.40
195205 26.40
195206 26.50
195207 26.70
195208 26.70
195209 26.70
195210 26.70
195211 26.70
195212 26.70
195301 26.60
195302 26.50
195303 26.60
195304 26.60
195305 26.70
195306 26.80
195307 26.80
195308 26.90
195309 26.90
195310 27.00
195311 26.90
195312 26.90
195401 26.90
195402 26.90
195403 26.90
195404 26.80
195405 26.90
195406 26.90
195407 26.90
195408 26.90
195409 26.80
195410 26.80
195411 26.80
195412 26.70
195501 26.70
195502 26.70
195503 26.70
195504 26.70
195505 26.70
195506 26.70
195507 26.80
195508 26.80
195509 26.90
195510 26.90
195511 26.90
195512 26.80
195601 26.80
195602 26.80
195603 26.80
195604 26.90
195605 27.00
195606 27.20
195607 27.40
195608 27.30
195609 27.40
195610 27.50
195611 27.50
195612 27.60
195701 27.60
195702 27.70
195703 27.80
195704 27.90
195705 28.00
195706 28.10
195707 28.30
195708 28.30
195709 28.30
195710 28.30
195711 28.40
195712 28.40
195801 28.60
195802 28.60
195803 28.80
195804 28.90
195805 28.90
195806 28.90
195807 29.00
195808 28.90
195809 28.90
195810 28.90
195811 29.00
195812 28.90
195901 29.00
195902 28.90
195903 28.90
195904 29.00
195905 29.00
195906 29.10
195907 29.20
195908 29.20
195909 29.30
195910 29.40
195911 29.40
195912 29.40
196001 29.30
196002 29.40
196003 29.40
196004 29.50
196005 29.50
196006 29.60
196007 29.60
196008 29.60
196009 29.60
196010 29.80
196011 29.80
196012 29.80
196101 29.80
196102 29.80
196103 29.80
196104 29.80
196105 29.80
196106 29.80
196107 30.00
196108 29.90
196109 30.00
196110 30.00
196111 30.00
196112 30.00
196201 30.00
196202 30.10
196203 30.10
196204 30.20
196205 30.20
196206 30.20
196207 30.30
196208 30.30
196209 30.40
196210 30.40
196211 30.40
196212 30.40
196301 30.40
196302 30.40
196303 30.50
196304 30.50
196305 30.50
196306 30.60
196307 30.70
196308 30.70
196309 30.70
196310 30.80
196311 30.80
196312 30.90
196401 30.90
196402 30.90
196403 30.90
196404 30.90
196405 30.90
196406 31.00
196407 31.10
196408 31.00
196409 31.10
196410 31.10
196411 31.20
196412 31.20
196501 31.20
196502 31.20
196503 31.30
196504 31.40
196505 31.40
196506 31.60
196507 31.60
196508 31.60
196509 31.60
196510 31.70
196511 31.70
196512 31.80
196601 31.80
196602 32.00
196603 32.10
196604 32.30
196605 32.30
196606 32.40
196607 32.50
196608 32.70
196609 32.70
196610 32.90
196611 32.90
196612 32.90
196701 32.90
196702 32.90
196703 33.00
196704 33.10
196705 33.20
196706 33.30
196707 33.40
196708 33.50
196709 33.60
196710 33.70
196711 33.80
196712 33.90
196801 34.10
196802 34.20
196803 34.30
196804 34.40
196805 34.50
196806 34.70
196807 34.90
196808 35.00
196809 35.10
196810 35.30
196811 35.40
196812 35.50
196901 35.60
196902 35.80
196903 36.10
196904 36.30
196905 36.40
196906 36.60
196907 36.80
196908 37.00
196909 37.10
196910 37.30
196911 37.50
196912 37.70
197001 37.80
197002 38.00
197003 38.20
197004 38.50
197005 38.60
197006 38.80
197007 39.00
197008 39.00
197009 39.20
197010 39.40
197011 39.60
197012 39.80
197101 39.80
197102 39.90
197103 40.00
197104 40.10
197105 40.30
197106 40.60
197107 40.70
197108 40.80
197109 40.80
197110 40.90
197111 40.90
197112 41.10
197201 41.10
197202 41.30
197203 41.40
197204 41.50
197205 41.60
197206 41.70
197207 41.90
197208 42.00
197209 42.10
197210 42.30
197211 42.40
197212 42.50
197301 42.60
197302 42.90
197303 43.30
197304 43.60
197305 43.90
197306 44.20
197307 44.30
197308 45.10
197309 45.20
197310 45.60
197311 45.90
197312 46.20
197401 46.60
197402 47.20
197403 47.80
197404 48.00
197405 48.60
197406 49.00
197407 49.40
197408 50.00
197409 50.60
197410 51.10
197411 51.50
197412 51.90
197501 52.10
197502 52.50
197503 52.70
197504 52.90
197505 53.20
197506 53.60
197507 54.20
197508 54.30
197509 54.60
197510 54.90
197511 55.30
197512 55.50
197601 55.60
197602 55.80
197603 55.90
197604 56.10
197605 56.50
197606 56.80
197607 57.10
197608 57.40
197609 57.60
197610 57.90
197611 58.00
197612 58.20
197701 58.50
197702 59.10
197703 59.50
197704 60.00
197705 60.30
197706 60.70
197707 61.00
197708 61.20
197709 61.40
197710 61.60
197711 61.90
197712 62.10
197801 62.50
197802 62.90
197803 63.40
197804 63.90
197805 64.50
197806 65.20
197807 65.70
197808 66.00
197809 66.50
197810 67.10
197811 67.40
197812 67.70
197901 68.30
197902 69.10
197903 69.80
197904 70.60
197905 71.50
197906 72.30
197907 73.10
197908 73.80
197909 74.60
197910 75.20
197911 75.90
197912 76.70
198001 77.80
198002 78.90
198003 80.10
198004 81.00
198005 81.80
198006 82.70
198007 82.70
198008 83.30
198009 84.00
198010 84.80
198011 85.50
198012 86.30
198101 87.00
198102 87.90
198103 88.50
198104 89.10
198105 89.80
198106 90.60
198107 91.60
198108 92.30
198109 93.20
198110 93.40
198111 93.70
198112 94.00
198201 94.30
198202 94.60
198203 94.50
198204 94.90
198205 95.80
198206 97.00
198207 97.50
198208 97.70
198209 97.90
198210 98.20
198211 98.00
198212 97.60
198301 97.80
198302 97.90
198303 97.90
198304 98.60
198305 99.20
198306 99.50
198307 99.90
198308 100.20
198309 100.70
198310 101.00
198311 101.20
198312 101.30
198401 101.90
198402 102.40
198403 102.60
198404 103.10
198405 103.40
198406 103.70
198407 104.10
198408 104.50
198409 105.00
198410 105.30
198411 105.30
198412 105.30
198501 105.50
198502 106.00
198503 106.40
198504 106.90
198505 107.30
198506 107.60
198507 107.80
198508 108.00
198509 108.30
198510 108.70
198511 109.00
198512 109.30
198601 109.60
198602 109.30
198603 108.80
198604 108.60
198605 108.90
198606 109.50
198607 109.50
198608 109.70
198609 110.20
198610 110.30
198611 110.40
198612 110.50
198701 111.20
198702 111.60
198703 112.10
198704 112.70
198705 113.10
198706 113.50
198707 113.80
198708 114.40
198709 115.00
198710 115.30
198711 115.40
198712 115.40
198801 115.70
198802 116.00
198803 116.50
198804 117.10
198805 117.50
198806 118.00
198807 118.50
198808 119.00
198809 119.80
198810 120.20
198811 120.30
198812 120.50
198901 121.10
198902 121.60
198903 122.30
198904 123.10
198905 123.80
198906 124.10
198907 124.40
198908 124.60
198909 125.00
198910 125.60
198911 125.90
198912 126.10
199001 127.40
199002 128.00
199003 128.70
199004 128.90
199005 129.20
199006 129.90
199007 130.40
199008 131.60
199009 132.70
199010 133.50
199011 133.80
199012 133.80
199101 134.60
199102 134.80
199103 135.00
199104 135.20
199105 135.60
199106 136.00
199107 136.20
199108 136.60
199109 137.20
199110 137.40
199111 137.80
199112 137.90
199201 138.10
199202 138.60
199203 139.30
199204 139.50
199205 139.70
199206 140.20
199207 140.50
199208 140.90
199209 141.30
199210 141.80
199211 142.00
199212 141.90
199301 142.60
199302 143.10
199303 143.60
199304 144.00
199305 144.20
199306 144.40
199307 144.40
199308 144.80
199309 145.10
199310 145.70
199311 145.80
199312 145.80
199401 146.20
199402 146.70
199403 147.20
199404 147.40
199405 147.50
199406 148.00
199407 148.40
199408 149.00
199409 149.40
199410 149.50
199411 149.70
199412 149.70
199501 150.30
199502 150.90
199503 151.40
199504 151.90
199505 152.20
199506 152.50
199507 152.50
199508 152.90
199509 153.20
199510 153.70
199511 153.60
199512 153.50
199601 154.40
199602 154.90
199603 155.70
199604 156.30
199605 156.60
199606 156.70
199607 157.00
199608 157.30
199609 157.80
199610 158.30
199611 158.60
199612 158.60
199701 159.10
199702 159.60
199703 160.00
199704 160.20
199705 160.10
199706 160.30
199707 160.50
199708 160.80
199709 161.20
199710 161.60
199711 161.50
199712 161.30
199801 161.60
199802 161.90
199803 162.20
199804 162.50
199805 162.80
199806 163.00
199807 163.20
199808 163.40
199809 163.60
199810 164.00
199811 164.00
199812 163.90
199901 164.30
199902 164.50
199903 165.00
199904 166.20
199905 166.20
199906 166.20
199907 166.70
199908 167.10
199909 167.90
199910 168.20
199911 168.30
199912 168.30
200001 168.80
200002 169.80
200003 171.20
200004 171.30
200005 171.50
200006 172.40
200007 172.80
200008 172.80
200009 173.70
200010 174.00
200011 174.10
200012 174.00
200101 175.10
200102 175.80
200103 176.20
200104 176.90
200105 177.70
200106 178.00
200107 177.50
200108 177.50
200109 178.30
200110 177.70
200111 177.40
200112 176.70
200201 177.10
200202 177.80
200203 178.80
200204 179.80
200205 179.80
200206 179.90
200207 180.10
200208 180.70
200209 181.00
200210 181.30
200211 181.30
200212 180.90
200301 181.70
200302 183.10
200303 184.20
200304 183.80
200305 183.50
200306 183.70
200307 183.90
200308 184.60
200309 185.20
200310 185.00
200311 184.50
200312 184.30
200401 185.20
200402 186.20
200403 187.40
200404 188.00
200405 189.10
200406 189.70
200407 189.40
200408 189.50
200409 189.90
200410 190.90
200411 191.00
200412 190.30
200501 190.70
200502 191.80
200503 193.30
200504 194.60
200505 194.40
200506 194.50
200507 195.40
200508 196.40
200509 198.80
200510 199.20
200511 197.60
200512 196.80
200601 198.30
200602 198.70
200603 199.80
200604 201.50
200605 202.50
200606 202.90
200607 203.50
200608 203.90
200609 202.90
200610 201.80
200611 201.50
200612 201.80
200701 202.416
200702 203.499
200703 205.352
200704 206.686
200705 207.949
200706 208.352
200707 208.299
200708 207.917
200709 208.49
200710 208.936
200711 210.177
200712 210.036
200801 211.08
200802 211.693
200803 213.528
200804 214.823
200805 216.632
200806 218.815
200807 219.964
200808 219.086
200809 218.783
200810 216.573
200811 212.425
200812 210.228
200901 211.143
200902 212.193
200903 212.709
200904 213.24
200905 213.856
200906 215.693
200907 215.351
200908 215.834
200909 215.969
200910 216.177
200911 216.33
200912 215.949
201001 216.687
201002 216.741
201003 217.631
201004 218.009
201005 218.178
201006 217.965
201007 218.011
201008 218.312
201009 218.439
201010 218.711
201011 218.803
201012 219.179
201101 220.223
201102 221.309
201103 223.467
201104 224.906
201105 225.964
201106 225.722
201107 225.922
201108 226.545
201109 226.889
201110 226.421
201111 226.23
201112 225.672
201201 226.665
201202 227.663
201203 229.392
201204 230.085
201205 229.815
201206 229.478
201207 229.104
201208 230.379
201209 231.407
201210 231.317
201211 230.221
201212 229.601
201301 230.28
201302 232.166
201303 232.773
201304 232.531
201305 232.945
201306 233.504
201307 233.596
201308 233.877
201309 234.149
201310 233.546
201311 233.069
201312 233.049
201401 233.916
201402 234.781
201403 236.293
201404 237.072
201405 237.9
201406 238.343
201407 238.25
201408 237.852
201409 238.031
201410 237.433
201411 236.151
201412 234.812
201501 233.707
201502 234.722
201503 236.119
201504 236.599
201505 237.805
201506 238.638
201507 238.654
201508 238.316
201509 237.945
201510 237.838
201511 237.336
201512 236.525
201601 236.916
201602 237.111
201603 238.132
201604 239.261
201605 240.236
201606 241.038
201607 240.647
201608 240.853
201609 241.428
201610 241.729
201611 241.353
201612 241.432
201701 242.839
201702 243.603
201703 243.801
201704 244.524